0.000000000000000000e+00 0.000000000000000000e+00 0.000000000000000000e+00
1.000000000000000000e+00 2.000000000000000111e-01 3.000000000000000062e-03
2.000000000000000000e+00 4.000000000000000222e-01 6.000000000000000125e-03
3.000000000000000000e+00 5.999999999999999778e-01 8.999999999999999320e-03
4.000000000000000000e+00 8.000000000000000444e-01 1.200000000000000025e-02
5.000000000000000000e+00 1.000000000000000000e+00 1.499999999999999944e-02
6.000000000000000000e+00 1.199999999999999956e+00 1.799999999999999864e-02
7.000000000000000000e+00 1.399999999999999911e+00 2.100000000000000130e-02
8.000000000000000000e+00 1.600000000000000089e+00 2.400000000000000050e-02
9.000000000000000000e+00 1.800000000000000044e+00 2.699999999999999969e-02
1.000000000000000000e+01 2.000000000000000000e+00 2.999999999999999889e-02
